event	weight	X(3872)_re	X(3872)_im	X(3915)(0-)_re	X(3915)(0-)_im	chi(c2)(3930)_re	chi(c2)(3930)_im	X(3940)(1.)_re	X(3940)(1.)_im	X(3993)_re	X(3993)_im	Psi(4040)_re	Psi(4040)_im	X(4300)_re	X(4300)_im	NR(0-)SPp_re	NR(0-)SPp_im	NR(1.)PSp_re	NR(1.)PSp_im	NR(0-)SPm_re	NR(0-)SPm_im	NR(1-)PPm_re	NR(1-)PPm_im	X0(2900)_re	X0(2900)_im	X1(2900)_re	X1(2900)_im	total_re	total_im
1	3.8817707526066316	-0.05086780154728837	0.14990631468285098	-0.004875947283186533	0.04432848270185717	0.01494921162579548	-0.030448429638492848	0.023654387599218583	0.10098546382407216	-0.05025662007560837	0.001967011435148852	0.028978258953662545	-0.0012970326679663843	0.07571956317610318	0.07103154211253099	0.14006813435947055	-0.005517066274269486	-0.05683583750494345	-0.0029260962383979225	-0.04385672014396554	-0.0002419544006261958	-0.05767639871626852	-0.14847213881773366	-0.04709679573550741	-0.0038198512786340203	0.012789804821908368	-0.06953026429709146	-0.015306760470609514	0.10596598114324825
2	3.2535530487679694	-0.03907802121622162	0.1604141089483453	-0.010309222502404765	-0.14038731585048178	0.013107298483725665	-0.02875056229360198	0.05245859031116436	0.10240113166090338	-0.10752862841715018	0.018996812977312198	-0.09214843843424697	0.039876390794446964	0.016047648936396843	0.006385412628273482	-0.2117197522853579	-0.0852163295668846	0.01071842903948042	0.0005518200535222309	0.08224404089866491	0.00045373451446872155	0.07065075025778904	0.18187106395900396	0.23794068139512556	-0.13301835822495922	-0.31004333618508656	-0.043642683328173046	-0.2876599597181212	0.0799352262721756
3	3.480083761351281	0.010244352496564121	-0.03365733852385995	-0.009233031094899827	0.04565401500704367	0.006722789605215202	-0.012398444403579392	-0.004042585877680813	-0.021162917960127516	0.011316845896482113	0.0004140615839761429	-0.04763835664387801	-0.0016249811907486868	0.023604795910301957	-0.003623605611258042	0.20252420198077345	-0.08358201438442991	0.00900732027395949	0.0004637265346778043	-0.06092410720801722	-0.0003361139591563864	0.14761575860108986	0.37999646112655255	0.08327900145097161	0.038488961640652415	0.036100810539585464	0.00010405392889371347	0.4085777959304674	0.30873586378863643
4	3.322850095705544	-0.012430480330028575	0.024005137054414004	0.013637040838081909	-0.0783996050127318	-0.0006439550191422972	0.0012295519733536847	0.0016321995355976183	0.019292451846921663	-0.002495855184280253	0.001157234395111399	0.01907806106754687	0.0002529016174803235	-0.032222301671313694	0.02010956876422667	-0.31689161904859453	0.08774280521499134	-0.03795084755767005	-0.0019538347134033635	0.09522500093844023	0.0005253495462281951	-0.05178278108779875	-0.13330062960167735	-0.22808222649172122	-0.22125022123766785	-0.027102716293293434	0.001386832833170969	-0.5800304803041761	-0.2792024573195821
5	3.8834667842651123	0.0037354223931737856	0.02899895912906482	0.012933092379263968	-0.04967337828746106	-0.005896318107803344	0.010020129815306028	0.0070656013065808	0.008484764192581918	-0.022192177049096717	-0.00405738612036262	0.026706282961026	0.0018825857376733501	-0.0042948175161952405	0.00014508649171965588	-0.2486250843729879	0.20339295206526628	0.09498316228615056	0.0048900462468327455	0.08094075730306767	0.00044654439171937883	-0.10783239809336623	-0.27758506313001635	-0.07144992903855497	-0.02356337830150233	-0.009937029167538972	-0.010630855524520725	-0.24386343471628058	-0.1072489932936989
6	3.2624162215887202	-0.006909668248513351	0.03813908224526034	-0.003711633834744618	0.0142884525911783	-0.018821019478605497	0.032013262637866136	0.005238614718410407	0.02018914449327272	-0.016972917354156673	-0.0020330198418503564	-0.027811512011967347	-0.0019511005230956906	-0.011779347007828607	-0.0007475036841141031	0.07148237929300472	-0.05807598052982081	0.02663641131831081	0.0013713302448679497	-0.02323363115045848	-0.00012817828786389036	0.11199432132932816	0.28829879800584157	-0.05748000159021021	0.009605132412267016	-0.10841508129982118	-0.06497973641811794	-0.059783085317251884	0.27598968334569124
7	3.3275120727445344	-0.005262048359376818	0.1378569261526278	-0.013833491842882014	0.05740823505345091	0.009088892331250216	-0.01589640396596086	0.026507954628380955	0.05784262607056134	-0.0832369816049906	-0.012488586122312198	0.012405098876468916	0.0007341469795303096	-0.038134902826803825	0.00036324769522815166	0.28013157566041025	-0.18356527481177312	0.24395998769832852	0.012559864227593961	-0.08742933517196111	-0.00048234141356759213	-0.04589808262183799	-0.1181520803339474	-0.12143351916092437	0.003138465263351227	-0.05337104256694962	-0.28035319038861284	0.12349410503911253	-0.3410343655938303
8	3.6347494421037236	0.016599644833669	-0.034124598317655665	0.0023980494024881823	-0.0067400355659625105	0.0006381523194045139	-0.000924206302822573	0.0004065275655158185	-0.02571150581840669	0.004140078727792005	-0.0008886080715390155	0.0011632884046844764	0.00013632830931891473	0.009429560795149963	0.001857070872097751	-0.01750236419614979	0.07480527728317742	0.08698277498459811	0.00447815994029661	0.015543979820755496	8.575502929837912e-5	-0.0071510256035841385	-0.018408362687960873	-0.02319330063349566	-0.008830168570199385	0.02546797418835295	-0.04307344121115577	0.11492334060918091	-0.057338335111513414
9	3.267117313519277	0.16565754832711752	-0.11093088425925314	-0.004930231426507363	-0.038374542273928655	-0.017040484076350632	0.037230155432598125	-0.03213041920314902	-0.22132250311007176	-0.2271395899100225	0.013567197819214755	0.08038677756823501	-0.06262201723851514	-0.024461846112377075	-0.010754904128358772	-0.04751890331204141	-0.02362092732803479	0.361989855327391	0.01863643082446983	0.019633384621595446	0.00010831598425025691	-0.050853481365856365	-0.1309084012311395	0.13130253560151142	-0.3497662559707883	-0.23103950573504958	0.02689536852120014	0.12385564030449639	-0.8518629669583571
10	4.759922947543638	0.1113698035037056	0.16601692389294928	0.03062558927315812	0.1769728204356843	-0.003338465448349106	0.007235348320812822	0.07743051515301787	-0.06363954030594521	-0.5358916434959989	0.17586242294553336	-0.010718114504336981	0.0153692927981738	-0.0037983578573252018	-0.002787630095490834	0.18926305568045007	0.10679983445126295	0.3731037030439821	0.019208608334739058	-0.0818275745505363	-0.00045143689929568387	0.007372813737544797	0.018979295675221823	-0.007891990184295377	-0.0008258679351457264	0.00017106157662495972	-0.0046802561371239795	0.1458703959276417	0.6140598154813759
11	5.316390306890065	0.17428802761759113	0.051365032353596345	0.04907666131091632	0.12982448969890234	0.06562632643150848	-0.1364567253540095	-0.05152793182810997	-0.20280708865209632	0.003951984580997048	0.6737090600735354	-0.11372953151971471	-0.15048170456404958	-0.00835201066035157	-0.003813903874850767	0.08287501785410308	0.06520898415851539	0.3094117673576046	0.015929537565139124	-0.04179333897572473	-0.00023057087371888832	-0.08445214873617819	-0.2173989955977778	0.01697974147862007	0.0018746589572824059	0.012507575784799725	-0.020357340319433495	0.4148621406960613	0.20636543357103465
12	3.3085615984760715	0.29584766840888965	-0.11467729213900715	-0.057296020684051985	-0.13053300914397442	0.013939227292465309	-0.028901802833999478	-0.2698502001486274	-0.35661550123626706	0.14139134337981102	0.590480252708236	0.037879948029830884	0.038101461153189714	-0.016900068348578507	-0.006938697514336369	-0.07486242180998018	-0.06228006029859637	0.4011629840349281	0.020653192599950528	0.03894799480697076	0.00021487331264578025	0.02734266814788653	0.07038623269235347	0.13116746534226992	-0.0059240529905617454	-0.0793781563910545	-0.24528357942829282	0.5893924320607598	-0.23131798311865992
13	4.52628869950534	-0.0414423979327292	0.011140525800640321	-0.010340421738043594	0.03619679303485707	0.0018070612589471892	-0.0029517100533185724	-0.012530139879263146	0.03564786052072928	0.03496517489322971	0.010501023175352536	-0.004914687200255182	-0.0004138349447265481	-0.019764990524451746	-0.003632571547618935	0.18052369835347015	-0.19977682673633532	-0.34826796356494977	-0.017929982610940996	-0.06451614579185073	-0.0003559309801220363	0.022213681742866753	0.057183057763445004	0.050215743381232344	0.014273408331153935	-0.0037193660235657947	0.014322125331612336	-0.215770753025363	-0.045796062915271926
14	3.5412245496973913	0.039846412330929025	-0.03192258838866376	0.013329785106488507	-0.056855865341786625	0.00029118162172371375	-0.0005140575367277164	0.006651526542425987	-0.04328360173118039	-0.021602802307893222	-0.007783688908028407	-0.003130869873757903	-0.0001728429870734333	0.03465128610662157	0.0019902153887806726	-0.2739918129682188	0.16660674847441106	0.2391540748265456	0.012312439993281077	0.0846614113954604	0.0004670709752830189	0.011246572257709472	0.0289512291792816	-0.1269910508138659	-0.05333911316359794	0.023419587384434375	-0.03147138713077424	0.027535301608602857	-0.015015441176795104
15	3.6433471725740487	-0.0003123631146583067	0.1646812201302945	-0.012505605155539291	0.06962711295724416	-0.011439165816540222	0.021696633628724146	0.03694759575067042	0.06423829284728022	-0.11321530378131774	-0.014707686223352938	-0.01672337140864022	-0.000294809961796805	-0.0905548118041705	0.04951352799588349	0.28704303147984284	-0.08671304935570143	0.2766368087013861	0.014242174671449613	-0.08616451187481235	-0.00047536347354482946	0.04662149328508039	0.12001430354492708	-0.06733657224762807	-0.004256826298803918	-0.0070058235995389476	-0.13186310116576702	0.2419914004141342	0.2657024292968362
16	3.252447089717988	0.09983732554091092	-0.11162189658561746	0.0008366891770820891	0.013079313833271081	0.02193163490817848	-0.04809518864489236	-0.023798136171491777	-0.14354506363860758	-0.06181515917177068	-0.013141399700660672	-0.1808870202176578	0.07128348310608734	-0.022975203557976352	-0.01035799153037555	0.02043879070350746	0.007865390449853613	0.2190834045343835	0.011279135736281039	-0.007851595344996234	-4.331669216078817e-5	0.1451768677324374	0.3737182025724217	0.06645024216925437	-0.025762814553158923	-0.043778453589177424	0.058343693606276434	0.23264938671268398	0.18300154795871787
17	11.650800939280575	0.011651181784587659	-0.016200831159711004	-0.00036772445039703997	0.0009783535324062976	0.002005356299427646	-0.002798847794160644	0.0018072999454078371	-0.014932657531161441	-0.0016080777686149198	-0.0015012522122015313	-0.005991500925534551	-0.0007521461791196841	0.005239763230505769	0.0011552419648082992	0.0007209171304089909	-0.012735764448491886	0.09106299674100288	0.004688223204204826	-0.002435413210754149	-1.3436001181821578e-5	0.040189368940941564	0.10345655583925187	-7.919783874535281e-5	-1.8198330383722124e-5	0.00397750486124319	-0.0033999186277297562	0.1461724747394795	0.05792532225652979
18	3.257557431229789	0.037794025544342934	0.016271030299922034	-0.012714864196250984	0.07778832417359238	0.0003446448366842445	-0.0006659624656973383	0.015180114744342298	-0.024191520221751722	-0.055169400374522885	-0.011279718217853065	0.0015659790064714255	7.636115109852335e-6	0.04428879933165401	-0.04666644670618354	0.30278180929603626	-0.07037091164589133	0.2550254478459353	0.013129550586332637	-0.09129071048021523	-0.0005036443460539826	-0.0040440043292159725	-0.010410184850489137	-0.17458334333832326	0.036881404300410925	-0.03978827267839545	-0.048919482229536446	0.2793902252085427	-0.06892992520808873
19	3.810148864952274	-0.12465474655331837	0.09663049144315587	-0.0007457586588808377	-0.02780235937278561	-0.01814688245011873	0.0396309560088045	0.00763093126152474	0.15730078474454068	0.11176606543856751	0.017199814348848125	-0.08030567832805664	0.022018437492538824	0.031873959235291904	0.015529772607687623	-0.05015723880588544	-0.015603751260282307	-0.34105091779295793	-0.01755842530814003	0.018422352939804258	0.00010163480873723949	0.07810785637584329	0.20106734735015175	-0.026527990742899223	-0.0020403846384364154	-0.012583899998612803	-0.00419903691966609	-0.40637194807969834	0.4822752813051542
20	4.670259274895657	-0.0071718016418094565	0.008137244853644579	-1.8277374868161548e-5	0.00012015598088071711	0.020113451222598895	-0.039347811033958506	-0.00021996950196510618	0.008995253721533116	0.002611132034998269	0.0011769867979725909	-0.029450715525923786	0.00013641462029050642	-0.004537968549493343	0.02230366698326688	0.0004483365393811495	-8.391455151581637e-5	-0.029286229519544956	-0.001507751619329005	-0.00013591157384856476	-7.498144704105775e-7	0.07203429533931593	0.18543262296714488	0.0013647091886588706	0.00038084735171072567	0.008340557798629009	0.0005826045194973566	0.034091608436128754	0.18632557077666762
21	4.49557291172113	-0.0856687143950977	-0.23802010592324646	-0.14270079771783795	-0.2931955798344869	-0.018894225121008596	0.03927392789585383	-0.0998922802022179	0.08129309483983778	-0.23396341771292464	-0.4612116930862171	0.03717390824180611	0.03236567831798957	-0.0007626978674177062	0.00035378003122636995	-0.1565534801277617	-0.13500794426307097	-0.21231564074748374	-0.01093070895084851	0.08317328300458822	0.00045886107696672067	0.027235971478428662	0.07011157125246247	0.017673844917191504	0.0017751006914373188	-0.0019104551886445212	-0.01526185799424276	-0.7874047014383799	-0.9279958759463388
22	3.6607172295928616	-0.0009824701416500659	0.23253812497145526	0.005683193050059787	-0.11594402240267629	-0.005612234761570989	0.011927490034912693	0.06516575237768657	0.09169140267432077	-0.19567988450620133	-0.008904170234240533	0.012947178092533694	-0.0015751103048341894	0.034782330739761176	0.016442268359909605	-0.2847623927893191	-0.03853728050042328	0.25920521000220575	0.013344738518098349	0.09529568759709345	0.0005257395194881782	-0.018866867495297243	-0.04856759839666335	-0.10254317481368999	-0.0382288034930758	-0.08156912771832	0.1286139877523807	-0.2169368003667083	0.24332676649865212
23	3.8402107881750265	-0.00115996950901881	-0.200379574195144	0.013730828842138472	-0.07622977041991248	-0.002829521605748562	0.0053634515314069636	-0.04539748298324617	-0.07693464691530566	0.139411498370343	0.01832778920360697	-0.003684522605218499	-6.640122536948516e-5	0.10744767821506432	-0.057666561246522655	-0.31482069585716654	0.09584103683264297	-0.34699747255342106	-0.017864573546291795	0.09449640062034848	0.0005213299101796885	0.010296712907636294	0.026506075660332643	0.06504427522394478	0.005123198534624886	-0.009019709578475171	0.14810253510450658	-0.2934819805128195	-0.12935611077124545
24	3.600890230385628	0.08034964234475661	-0.1263827771824371	-0.0020900463247157217	0.021697480196760335	-0.013790066772372378	0.02840326683171815	-0.010852988613106622	-0.11737434595037008	-0.004793582879007592	-0.010974379652587914	0.03561772339116732	-0.0021278274595155954	-0.07488808887004259	-0.06006904891427793	0.06483035940655446	0.00020451733066662324	0.23010436371944148	0.011846531038798229	-0.02057430994199354	-0.00011350700221018654	-0.06619798063421285	-0.17040862447960364	-0.0042938852928790456	-0.0016860541517678092	-0.0012498974544188721	-0.019958152027048932	0.21217124207917068	-0.4469429214218758
25	3.9157511637148295	0.06089049251624361	-0.03853398820912538	0.0024483848136957658	-0.01762047082396039	-0.016618280104846915	0.03295342400156935	0.008484801357353557	-0.06497073928497066	-0.044882020850162165	-0.012430332006343029	0.033645919672327454	-0.0005485644044444972	-0.037308289394181064	-0.12886691674149947	-0.06250124670332056	0.008616817840395787	0.284025912678463	0.014622590097730172	0.019104579094485416	0.00010539860182996363	-0.07722115042665638	-0.1987847650165038	-0.03192484804916868	-0.010398816308061578	-0.02071546723414185	0.01608471898538656	0.11742878737009117	-0.39977164326799697
26	3.6665646328202	0.11652869980950821	-0.18050290619309756	-0.0030280786986763963	-0.062118753179489665	-0.016818796439124928	0.036844202628495346	-0.04180831183427832	-0.18528391324233962	-0.015454162934523698	-0.01986467911130086	-0.1009219452311054	0.03426959236013532	-0.03280935578651618	-0.014702568370751193	-0.10287919712287995	-0.03657094067399399	0.2228335755121938	0.011472206898302103	0.03880847996530887	0.0002141036192035449	0.0874784533715245	0.22518939048935677	0.06135866041382942	0.0040239145351222555	-0.013934784791400935	-0.004916592181913091	0.19935323623385903	-0.19194694242227062
27	3.2839233118698963	0.0019246672375869828	-0.34861251732329424	0.04573279736908087	0.199201978172041	-0.021427670259369896	0.04583207996974907	-0.1816012839092835	-0.1240841069100797	0.5445956089302757	-0.4060428544567205	0.014583190991296503	-0.10098513298802826	-0.012156355442784332	-0.0036952051756961165	0.18007702275767995	0.11502232775666331	-0.19331517603599405	-0.009952502404402057	-0.08194351426253314	-0.00045207653042707914	-0.03478229812435753	-0.08953752852920004	0.11863077354873285	0.4381502863145841	0.35303739731396094	-0.18160987831242842	0.7333551601142915	-0.46676513041723894
28	3.300180388494004	-0.022429902999924305	0.010723907467445937	0.0029377030858781087	-0.009864626777316605	0.013138039001684584	-0.021040597848399088	-0.006025819605269997	0.021051352788665583	0.015851610402677196	0.005194299226597918	0.022840153204107143	0.0020647229209301526	-0.010726938513697045	-0.0020363804106836216	-0.048063245944923574	0.06227475731819682	-0.1846947184345983	-0.009508692835157673	0.018365816936891648	0.00010132290363686677	-0.1089237193284556	-0.280394371642984	-0.024684543558357735	-0.037576916943808436	-0.015655892148212905	-0.03216499316873617	-0.3480714579022008	-0.2911762170016123
29	3.2680207645865806	0.13827363951120653	-0.1480878391773294	0.003962877340409555	0.02551111307579559	0.02392367010427728	-0.05203468395604535	-0.059342030900279695	-0.20993422661047278	-0.12760836676021198	0.003911144201596474	-0.20413875080795468	0.22412563860878743	-0.020801572855396657	-0.00870093968051408	0.028877091705286153	0.015551264676100645	0.24701707923223187	0.012717253375541585	-0.012268292665767882	-6.768329662839719e-5	0.12995456502680441	0.33453254100650964	0.04931325188644191	-0.006696320295311607	-0.05577581877075866	-0.002169188547443985	0.14138734204628817	0.18865807338058574
30	3.257752608287601	0.04154272781754377	-0.060880500133578166	0.001365529141990601	-0.005472708811035569	-0.012040411974314344	0.020796823171591258	0.0017560046661528363	-0.05567359433193991	-0.004534189492692323	-0.005302624330042301	-0.02050283885454188	-0.0013174941323514666	0.03768261144635441	0.0031238977191285454	-0.027069597563039356	0.019556802728650853	0.2034212420802197	0.010472795992658546	0.008585679798748358	4.736658379503621e-5	0.07884582484806688	0.20296704566505686	0.06496887288717194	-0.013571622614055359	0.0924772498005717	0.1531787528814212	0.4664987046022323	0.26792494038929954
31	4.010809632079943	0.0325180153960032	-0.024337509209606513	-0.00777917686796233	0.022429936490539582	-0.0015506277867655797	0.00228234672378709	0.00802911201627062	-0.03356596137765192	-0.01691294006036831	-0.006602244426589025	-0.007010344703206777	-0.0007944199537981165	0.01347176364836202	0.0029871919377673028	0.07191601361761736	-0.23024891893586247	0.29125569161616033	0.014994802945868545	-0.05001157067184598	-0.0002759102725091971	0.04144326020767823	0.10668435650574459	0.03240503803963709	0.010225418738220077	-0.010674330357297788	0.028700105593824615	0.39709990409428203	-0.10752080524026543
32	3.78727990605027	0.2624668176477613	-0.1657517347206385	0.033901870573151964	0.08741049796549229	0.020241271241755905	-0.04205021195258032	-0.24593399578251346	-0.3500010377291487	-0.008865590003541396	0.5223141103721665	-0.11071808966442845	-0.13875762457751264	-0.0179731921422106	-0.007243846617068783	0.05477310264696994	0.04352447126442172	0.3543066232940028	0.018240872716441953	-0.0277712846977098	-0.00015321219921591358	-0.08128125529628019	-0.2092363963117031	0.03264890452417518	0.002461950769901709	0.012688505445320365	-0.03975299541747315	0.27848368778645355	-0.27899515643691697
33	4.593162277933692	0.05262725790894429	-0.05795493165499434	0.0016105149427225007	-0.005765580007385697	-0.0032655971200009413	0.0053884018436495705	0.007250197258812638	-0.06254797980460333	-0.01743734067925241	-0.00864576877521877	0.007882401781709793	0.000637468584952647	0.03435740875935003	0.005039006314722642	-0.028923860043395883	0.02959814665112934	0.3298782225051795	0.01698321813095202	0.01004650017879064	5.5425825761042985e-5	-0.034638760553441776	-0.08916803024863984	-0.01683557108652659	-0.004742966642359707	0.002485016407026348	-0.015158898739722178	0.34503639025991817	-0.1862824885217566
34	4.268352562297665	0.003839073608080841	0.06948812453745051	0.010161921152249885	-0.046175203587171636	0.017190257710310207	-0.030961749366868244	0.015952671125108932	0.02406599952385452	-0.049871488817383375	-0.007842098251109488	-0.03442635173867071	-0.0015871692302681219	-0.019041512890777497	0.002236659505713375	-0.21527279520094678	0.11066181452190867	0.16197109202822263	0.008338805653594239	0.06545348429637077	0.00036110220987429603	0.11581358351655753	0.2981304455820571	-0.04724316355605473	-0.01400783879553326	-1.202163831614915e-5	0.030757746642331003	0.02451474959475155	0.44346663894583294
35	3.5196054183640593	-0.26419070469729933	-0.29162992550232436	0.1500004011939384	-0.11527539609839134	-0.03587902212036713	0.011489391921505608	0.032032621513046006	0.012958616430033832	-0.05211979125493844	-0.028261447248714565	0.015254719325594713	0.004378225093453341	0.0008889471106456371	0.0004805980585581736	0.03324385377264222	0.04645788985613038	-0.08618162288251091	-0.004436913989586408	-0.02489150155051962	-0.00013732464075224917	0.01991793150748345	0.05127327568229488	-0.02638342655731218	-0.0012211069338723846	0.0003796166546379716	0.06836038908659246	-0.23792797798495918	-0.2455637282850726
36	4.045287347240095	0.04255550231370918	0.056813558290704926	0.011772577887552224	-0.06410598764873825	0.003098518475289349	-0.005848618274312248	0.025943012811093905	-0.011831997276707777	-0.08691409956436871	-0.016484436313347107	-0.006318990306382112	-0.00013067200695893768	0.026976381241421994	-0.0038312850920870327	-0.2679404046500349	0.08589930769188345	0.37225796799201116	0.019165067106829147	0.08039833260737124	0.00044355187331624114	0.017953470747246927	0.0462163078897902	-0.073699603729743	-0.02302290243608361	-0.02252745919855513	0.04845099495860284	0.12355520662661214	0.13173288876289185
37	3.2727258406610056	0.026040356671743523	-0.019169805122285867	-0.0014696355714003619	0.005472929922260326	0.006645669634997985	-0.011152987079579811	0.005258002003854774	-0.027312904663602044	-0.014686754041673406	-0.005282878491035698	0.008539436535499064	0.0006407866244064938	0.016424387337995335	0.002303555807881905	0.02750888873512675	-0.024744529615666262	0.17893101807019698	0.009211958543979848	-0.009178063893123563	-5.063472464151413e-5	-0.03576266714693622	-0.09206122086874709	0.005236317067980909	-0.0006122035670831433	0.027604150295815155	0.020230172831043246	0.24109110570007697	-0.14252776040306958
38	4.6431536528996284	-0.02013602437769648	0.2693600626375137	0.009453242163839238	0.14238954776644988	0.01530950943263007	-0.03357614942830529	0.09320464147515528	0.12592105421809957	-0.26220758260465765	0.02847642243579719	0.05235587880956661	-0.021129779639803278	0.020996172046629003	0.007744006072728434	0.22048697955187058	0.08585443001131865	0.15937553682878447	0.008205177917309545	-0.08494324347736004	-0.0004686258228007862	-0.041523868227200375	-0.10689185984039608	-0.04350431535858586	-0.004478797115897912	0.007648180789548849	-0.01688107143026097	0.1265151070525237	0.4845244177817527
39	3.2525706761757402	-0.06763508109210184	0.06345289498770222	0.005357096965286704	-0.03840937097325308	-0.005524918079493768	0.010949992794600653	-0.004497229385704547	0.08016783817652026	0.03478917383128193	0.012171527916853237	-0.050910643552429774	0.0008057527039661523	0.04508228021133536	0.1595116652084643	-0.13651905606642536	0.019080411793851525	-0.28523464797271186	-0.014684819774514874	0.04171416507721307	0.0002301340769612479	0.11714274014484234	0.3015519963691653	0.040990500737511364	-0.014596477106796511	-0.0676273193761281	0.038254111359219065	-0.33287293855752453	0.6184856575327395
40	3.2660199504688348	0.027086712871430642	-0.06724993545181564	0.004064419208052884	-0.015412549529841968	0.011467135217721828	-0.01938790597967572	-0.00399966329538947	-0.04695765313263342	0.014462157279898151	-0.0005521932359027221	0.01594363239759322	0.001153837695604236	0.02760002449281186	0.002641017107837613	-0.0773174422338411	0.06574627190819732	0.07762915984491743	0.003996605004587941	0.025411228804055507	0.00014019193898398157	-0.06534780504496689	-0.16822007958228896	0.07794665775755305	-0.011344904752825886	0.1306912201503294	0.14976978830848997	0.26563743745016655	-0.10567750970128326
41	3.260894257766553	0.034796792837293096	-0.027346461801091945	-0.006677607019396657	0.11065002068793198	-0.0001470964893868103	0.0003106032817539002	0.0012274320619377107	-0.04114568634204194	-0.025046486550251854	-0.0062597817838116335	-0.0063195296602064745	0.0006646194785764512	-0.01745266634693885	-0.011005840196819182	0.28484963049467626	0.03006330920182052	0.12152792359114468	0.006256658046948443	-0.09405897185708177	-0.000518916646855723	0.009769870940314547	0.02514986488004447	-0.16936101631420908	0.030217361040003367	0.06559516785758432	0.0877359544704823	0.1987034435454791	0.204771704316941
42	3.4772371190127904	0.04143389698739694	-0.1720693057365641	0.001177404570258155	0.06749447439444559	-0.03267509210457981	0.07122147566925242	-0.047000750458203795	-0.10682855464001907	0.10098760072864077	-0.00909394720529779	0.09283459441800043	-0.02320660883066001	-0.02362852299120908	-0.010248926811926958	0.126379805128176	0.03681569978017468	-0.01499866345178354	-0.0007721806281721981	-0.04588576298040504	-0.0002531484854032615	-0.09493207664274303	-0.24437670824238591	0.051538180233865534	0.023948592720556418	0.0331729423479974	-0.07560432095292169	0.1884035557854109	-0.4429734589689219
43	4.311652140680895	0.03457248289173435	0.10068794014898139	-0.005568605633213223	0.060990719434325436	-0.01936488851890143	0.04004034379539817	0.035482470097587114	0.00972521461664651	-0.12372666971803761	-0.014349871367428463	-0.0351611874060302	0.0023042233514958105	0.005705190423778462	8.646282157292258e-5	0.17850348430000976	0.0032566890373617627	0.2967099666672232	0.01527560700208949	-0.05694531702758351	-0.0003141632571849647	0.06371180775143312	0.16400865129138792	-0.019452128861778648	-0.0018776907519808146	-0.006438028294219696	-0.028449755309644317	0.34802857667200165	0.3513843708130208
44	3.3855725928645004	0.032123114659632836	-0.029802017639000228	-0.0030443930200190327	0.010787842261843353	-0.009474390339839494	0.01556192610547935	0.005568403438914531	-0.035966974228786974	-0.014067825347951425	-0.00587040862076877	-0.03087052288322314	-0.002543434353358301	0.019554093115324335	0.003039700895222548	0.05400073003859663	-0.05723920201637218	0.21655140374654958	0.011148779990572937	-0.018991277767762604	-0.00010477352648216331	0.13740115347324047	0.35370174952413397	0.013495295300245925	0.0081642931652611	0.036382642264706104	0.006560199741074554	0.4386284266784147	0.2774376812988192
45	3.2596934203967147	0.019799286641857254	-0.005616632846673379	0.00524344586611836	-0.06307195598226581	-0.0055074303191324165	0.011456318706746703	0.0037434125172897473	-0.019180253440558844	-0.021537760411115037	-0.004236656745577195	0.08774601342436875	-0.0066077613660078865	-0.010478301445663836	-0.007978338099101461	-0.1784682721194277	-0.00753052222527255	0.08647513419020152	0.004452024919082011	0.05743365070113363	0.00031685735927243394	-0.15253251792025815	-0.3926533153757245	0.22629646669752806	-0.25663554067307687	-0.11961946743452201	-0.07528206714140355	-0.0014063396116218152	-0.8225678429105608
46	3.841558526954281	0.04923879631136078	-0.16367384456182965	-0.005152997214162811	0.05309590118361595	-0.016069433302787456	0.03307924870579955	-0.028826735925863798	-0.10545167566117666	0.06405222650225989	-0.001168901827663979	0.03268296033082644	-0.0019256490723292817	-0.06781597176668215	-0.052215934141333784	0.15911932710450272	0.00015221657848817205	0.02860731690413812	0.001472798960278805	-0.05046010372927613	-0.0002783847974329785	-0.06096555434654674	-0.1569391718191206	0.03286858774034897	0.011032007110223445	0.019433172717405484	-0.05355006850189194	0.15671159132552334	-0.4363714578443729
47	3.2823951965085727	0.041222933093649244	-0.06180999006635054	0.0028781696640151023	-0.04681597603680853	0.007838455569604354	-0.0165401226282414	-0.006582823035658977	-0.060180907270841674	-0.005268452237419849	-0.006050872813707045	0.1044775650063573	-0.010822792046372515	-0.025822533562005333	-0.015742273206787977	-0.12108646965362675	-0.012412880357206817	0.10989303466985206	0.005657655618176089	0.039930898867212065	0.00022029592432280654	-0.16247037154333915	-0.4182356058015693	0.09141410021185584	-0.008134940813755015	0.041833240341208375	-0.05248035548213675	0.11825774739170426	-0.7033487649812786
48	3.254214669246426	-0.01728857247332622	-0.0130964592934229	-0.002325832849335103	0.12475033981967076	0.0017375252443128828	-0.00374542061688779	-0.007821348576437917	0.010637348924963222	0.037716999288091475	0.003302883103529681	-0.03365185171519109	0.005805904898570499	0.0030012719325524483	0.001980837652481796	0.2703014553957971	0.05684156787096852	-0.08118324915838457	-0.004179581236268558	-0.09385900007512614	-0.0005178134167809157	0.0417556890531129	0.10748861925346287	-0.2522208795949049	0.06830179691250221	0.15816324822818317	0.15496928895573922	0.024325454699343996	0.5125393128285286
49	6.024859393283976	0.02817005612970154	-0.015370132189127889	0.008588244868891244	-0.024169784713661987	0.0013987528134574388	-0.0020274486075630323	0.008091859751754292	-0.026757029351890272	-0.017908336723663966	-0.006376630383421946	-0.005880512524365663	-0.0006879907356828874	0.010556964124050784	0.002471654036806193	-0.0635954552997171	0.2672009916073709	0.2774620370145448	0.014284660144857884	0.05564361976342538	0.00030698188611315936	0.03607637091059448	0.09286876554529044	-0.03209894100041111	-0.008146648232781575	0.015672960743979312	-0.03213309926217347	0.3221776205722414	0.26146428974413555
50	3.7649785928253894	0.6708815346862337	-0.2658844223713172	0.2675860624456084	0.036801512722565995	0.001644424345248495	0.0005830348555762991	-0.3737463076610564	0.05949553642514843	0.16454444707150948	0.12557494446339673	-0.003012718350052813	-0.0011085941821655553	-0.012598837210019866	-0.004950924062046475	0.04558560549231291	0.05514493661193054	0.35707874138199763	0.018383590492158215	-0.03045568903630728	-0.00016802186671160477	-0.0033293530057701775	-0.008570510167905457	0.04032558343276082	0.0029778116684408256	0.0036449518918615503	-0.0788645605376838	1.1281484454843267	-0.06058566594861309
51	4.929025044475692	-0.15238923038132643	0.2477450057117256	0.062377635803888304	0.11506084122422851	-0.08572320513567432	0.17968364841143505	0.29631857434163983	0.145211967110335	0.020394746073813537	-0.021975347712675234	0.12443514906145342	0.09571622224329827	0.010821863417134482	0.003971771254242362	0.057249524724853666	0.05113272469494529	-0.11571731226368098	-0.005957508624779639	-0.031063363487006255	-0.00017137436336461668	0.09381722853651397	0.24150683622414498	-0.032718657401039866	-0.003492514133021474	-0.014123825838152824	0.034781928775740434	0.2336791274524165	1.0832142008162546
52	4.137333924459867	0.040334992505640696	-0.0038575744724265266	0.008356345476672031	-0.0351881944338217	-0.010852696658484332	0.01907695170757046	0.012680080411622352	-0.03266982830632765	-0.04018633501626697	-0.010745050100726811	0.026410677286645336	0.0015070841924193982	0.026538130600178025	0.0025094059944040705	-0.17059743750797168	0.10740809229541312	0.3026628498236137	0.015582081046921182	0.05294680933904439	0.0002921037751260257	-0.09618403627223159	-0.24759953643625499	-0.04940691355335798	-0.015069209933140176	-0.014598155967876756	0.0030600011588273546	0.08810431046722718	-0.19569367351201622
53	3.2745164409735423	0.3154853588234658	-0.1302771444617885	-0.03879963217267851	-0.06127924664896889	0.04364332562116676	-0.0939458631585613	-0.3765032489144715	-0.24189228090489864	0.2062738209458657	0.30034364290882287	0.049806103850437884	0.03319837953109755	-0.013887637188438976	-0.00559402905459139	-0.02783225539259823	-0.026025834220597597	0.34435748681511147	0.017728658379428632	0.015538822809146258	8.572657843272296e-5	0.039468307918640394	0.10160038113725964	0.11620955078393383	-0.012881268137547629	-0.12724169243880373	-0.2224239360378477	0.546518311460777	-0.3413628140897602
54	3.6679776036417224	-0.005546473318779888	-0.1519721329366624	0.012020668035492253	-0.06025785453580108	0.006463064663316045	-0.01196160661541262	-0.034920464329811954	-0.05472358372895704	0.1084636178702212	0.015776504177731875	0.008165674035845415	0.0002628166636386415	0.05755139856769044	-0.014304919018924354	-0.265080090437503	0.10557888505875127	-0.3118563910503978	-0.016055394850010812	0.07967277067940366	0.00043954899984959087	-0.024981758814737312	-0.06430871630698073	0.05947218977752428	0.003908395631641208	0.0020896850807721468	0.13757141816887314	-0.30848610924096453	-0.1100466392922633
55	3.9738711241543543	-0.005434963222946232	-0.08976566401205952	-0.0016244620630348854	0.03799490218652833	0.019298074178065294	-0.041148978804642966	-0.02686462649919518	-0.030240126032214966	0.08474571459534985	0.004240508086999904	-0.03578779369038366	0.004698915777918308	-0.010840189208838448	-0.0046685267084072765	0.09092608709249606	0.013761417190481413	-0.1226157981488405	-0.00631266541467388	-0.03065761888751967	-0.00016913589931500625	0.050463391672618686	0.12990422183757735	0.026671031852683578	0.00851411416878041	0.029240896657463947	-0.04230850903684925	0.06751974432791885	-0.015499526659877146
56	6.177970210465959	0.1551521583544515	-0.13845499986754717	-0.039202490037682114	-0.03109510836332888	-0.11923690491218786	0.49666643210784556	-0.17750681019591819	0.0026380647685123673	0.03711704248593752	0.04075211255714062	0.07986321469875811	0.0372184098790624	-0.005350347963677504	-0.0020216060985281214	-0.012013415602698014	-0.012948720091456504	0.10366742233202039	0.005337140576203345	0.007376199251383565	4.0693965780144434e-5	0.0761113927672252	0.1959279969634971	0.01902211501330207	0.0021940129575180093	-0.004430123496779967	-0.02196535765993901	0.12056945269413473	0.5742890716947598
57	3.919818449697196	-0.01622893209138514	0.014812755752394557	-0.0019197039889603956	0.007315740163991373	0.009766796764593988	-0.016545966040605705	-0.0026452951603971944	0.018175559213415047	0.007400630363626559	0.0029910855856310225	-0.04221327825282315	-0.0030242496702123354	-0.01132910299110158	-0.0014033950601559635	0.03667044138614329	-0.030715916803701067	-0.10288205350454983	-0.005296707200490061	-0.012006646925039407	-6.623981571677078e-5	0.17201380313222045	0.4428025644050762	0.014763439668007675	0.004801674598923131	0.0187477027623949	0.011289211197822786	0.07013780116273013	0.4451361163263722
58	4.757475922289767	-0.085454165626005	-0.036814998189668546	0.0001914613349468064	-0.06254182690195584	0.009988915786753419	-0.021651682534300283	-0.029770726712394075	0.0647636893990038	0.16714477517406448	0.013688354218661505	0.02494051138746412	-0.00507000737076729	0.016100936098970498	0.009571833787723487	-0.12717114401750643	-0.03131789169818216	-0.35626327775485184	-0.018341607736969044	0.04501714708156799	0.00024835639337066973	-0.028469758517109756	-0.07328761907368175	-0.004579752423391747	-0.00047910201212772647	0.003346701661323821	0.0009837470514464056	-0.3649783765261677	-0.16024875466744676
59	3.2825719172280756	-0.05022851784154808	0.10123311179891883	-0.006666352660727245	0.044974610805293344	-0.012730848202440402	0.025007288676630598	0.009092388560558308	0.08029492412538028	-0.01339615089961061	0.004620804487871186	-0.04979402303572064	0.0003986768517907044	-0.0031826769335285	0.19108519966434845	0.16534810072105946	-0.028483569719021506	-0.13485899330108633	-0.006942985453115159	-0.050237096194478366	-0.0002771544807508373	0.11953225320328476	0.3077031452344945	-0.12049964034693895	0.010672723113951536	-0.07710673452795733	-0.06270060556486264	-0.22472829145913395	0.6675861695409292
60	3.287158995059808	-0.09199249367437312	0.13467458190466955	0.0016571621661224632	-0.04121968199063142	-0.013522332658969852	0.028870591954602114	0.016451489105002663	0.13475674582108613	0.015302912574685397	0.013948012232331037	0.0790310167773139	-0.010696443101770694	0.0469042497861447	0.02597677607372049	-0.0976069516220318	-0.015401020835849235	-0.233994894041138	-0.012046828362448981	0.033011663432557264	0.00018212299536487597	-0.1099514752094206	-0.2830400485095311	-0.005457808184026598	-0.015171459391085494	-0.08332211901492817	-0.0040175629137028344	-0.44348958056306165	-0.043184214123245496
61	3.8256147025336418	0.059441391996724664	-0.007625430925362949	0.008293207264791547	-0.045591337158862495	-0.007240612106271658	0.01369566930945279	0.016743339974698658	-0.0503809436234469	-0.06185075130135824	-0.01511580359979315	0.017917610228532464	0.0003470693352918325	0.08528327016100526	-0.02956428534658868	-0.18943565974312876	0.0592093226552833	0.36881679405121026	0.018987904130688	0.0568497636969502	0.0003136360962672006	-0.050493083714112125	-0.1299806558904051	-0.06911786824142409	-0.02336622643440823	-0.022065789739773255	0.024339988581762277	0.21314161252784491	-0.18473109287012207
62	3.2880484945585104	0.057610728311528143	-0.06664548306148223	-0.00013498011119349702	0.0012947586823322645	0.008992738538472744	-0.01840472161389328	-0.0011331442975416328	-0.07450237073748425	-0.021756095643615705	-0.009401477833378557	-0.08435827455646139	0.004295680580508822	-0.05226604368168466	-0.04738111458178662	0.003996419355322641	-8.485872104685107e-5	0.20104852600456952	0.01035064074891568	-0.0012582503083328556	-6.941677311733295e-6	0.1631527987625368	0.41999232832719274	-0.03689969185738422	-0.09635811707592004	0.059427548056471206	0.04153513736280088	0.29642227857268705	0.1646834603994468
63	3.2815080302629194	-0.04912570908792459	0.11712928485902639	-0.008178831920737597	0.04182779891852315	0.010768790288080575	-0.020030628264739364	0.010169235995050013	0.08440324871554364	-0.024724969340457217	0.002288415083791479	0.025935493730938158	0.0007620998796560667	-0.10568373988818508	0.021818752140878396	0.1817547830161708	-0.06872182984310815	-0.12111520604200686	-0.006235409987254628	-0.0545773766309214	-0.0003010994987116406	-0.07790152209814005	-0.2005361960958455	-0.13162360034492182	0.011995542167140431	-0.05977680810714464	-0.20157564334450717	-0.4040794604301997	-0.2171756652696069
64	3.487618736555121	-0.028931278472167508	0.06747032688582695	-0.00640463296913347	0.019377926686788706	0.004806211570218035	-0.007281341027828024	0.0014038447664130333	0.0480740497617185	-0.012090030147738197	0.0007309804616543649	0.009547560966480372	0.0010124351072339768	-0.019354353199936534	-0.0034066438249951234	0.07813890402618691	-0.17101283774699294	-0.11634740169172317	-0.005989947705229332	-0.04065976571941033	-0.00022431703082099043	-0.05256457994971522	-0.13531315728609514	0.07350001802003289	0.03350281954549187	-0.08320426094271217	0.1000473666526541	-0.19215976374320537	-0.05301233952059309
65	3.3385778688018095	-0.07333427897451048	0.08795032551540735	0.0007856315262518844	-0.003466596572476775	-0.0012879652441068034	0.002298933876192153	-0.005743320280865848	0.09125956960028588	0.021024682540429874	0.011423610293746278	-0.011943388924749634	-0.0006009167444630375	-0.07807777702311561	-0.0014403239810495648	-0.016421864123254783	0.009120055691555409	-0.37138385792701	-0.01912006503972803	0.005025184231264867	2.7723583403425083e-5	0.04140162090551955	0.10657716749276909	0.0556204403176593	0.04530477915315029	-0.044150355598554895	0.05786719357993213	-0.4784852485750426	0.3872014564487246
66	3.253466671941706	0.0004698051164336789	0.09325122980608472	-0.013901014227938113	0.05580878926931698	0.010376669455362504	-0.017934605305654275	0.019059202322528876	0.03605128385382433	-0.060070530135181016	-0.009675372783518873	0.019108514545627238	0.0012230471310729564	-0.021669847330572752	2.1460880732434087e-5	0.2758797728103599	-0.19833000507397605	0.20177901515266278	0.010388248737858223	-0.08742180642861981	-0.0004822998780269353	-0.07334044897177303	-0.18879495882291591	-0.2434884504931783	0.07198432503245707	-0.30869878981051707	-0.27453170656943743	-0.2819179079948051	-0.4210205637221828
67	3.815602389542251	0.05423825707535379	-0.04105001122892597	0.004439108853529989	-0.021362597570927334	-0.0116823802937179	0.021389899167908497	0.008597325704853005	-0.05856957195438482	-0.03192941537920671	-0.010782515060753124	0.03356850070649639	0.001273492211444577	0.064593504491458	-0.004342512174697714	-0.09633011544477943	0.04264973695153188	0.302738056633235	0.0155859529413525	0.029046759116034035	0.000160248900715402	-0.10672780909120667	-0.2747416003737518	-0.04306577079226085	-0.014627181161395211	-0.015595415020528669	-0.003583647885827635	0.19189060655926005	-0.3480003072377108
68	3.8229561518192714	0.017540752698173047	0.15201018744725142	-0.007809581206939625	0.09540764174821809	-0.01585760762030732	0.03301639699869966	0.04485975512721525	0.04413658569154143	-0.14428608334262208	-0.012775483889926213	-0.037515195867358485	0.0028840907905402376	0.02354940532410519	0.012235367073841943	0.2685390315169523	0.012321716351328754	0.2723181433766562	0.014019835546764546	-0.08654036564885809	-0.0004774370320399428	0.0647900003122847	0.16678416361757362	-0.049732270437629185	-0.0038651959889105083	-0.00802622486133565	-0.0449140029301346	0.34182975937033633	0.4707838654247485
69	3.3513068235223242	0.04393208406867662	0.052888171010269866	-0.011672402703830619	0.06401102446708701	0.0024854365851259075	-0.004698700907926882	0.02549290459012098	-0.01448366461391595	-0.08591003063289189	-0.016467419707845397	0.005184980067127224	0.00010218253136517474	0.031557871801284984	-0.006173923322090697	0.2663752453991139	-0.08380473450900386	0.37287049859071375	0.01919660220087278	-0.0799361962652724	-0.00044100230004005776	-0.01464235366849282	-0.03769274113630837	-0.07053063849448105	0.0005908244445989769	-0.01000928404222316	-0.08145163986793098	0.4751981152949714	-0.1084250217108684
70	3.5613327692029126	-0.010487213247598777	-0.010313150329288591	-0.015564045220074306	0.06643790615809485	0.0008284930510177568	-0.0014630201685350169	-0.005625602929731777	0.0040957630773182305	0.01782170936357034	0.0039219760044501865	-0.0075093389580341945	-0.00041370748025730737	-0.004073029509220752	-0.0007269957769834677	0.3200473267347648	-0.19419938494426273	-0.10073840053992356	-0.005186344880665391	-0.09886685145839876	-0.0005454413760967816	0.02695214830806917	0.06938094600388194	0.12710961832161108	0.052075352998070625	-0.007005115568617198	0.0187213515324045	0.24288969834743387	0.001785250818131065
71	3.7078986110472085	0.03912764233038182	-0.06289678912736203	-0.0038052161633636587	0.017693517654289524	-0.012092811785576866	0.021928825704189678	-0.0007008887219646792	-0.055087314300730154	-0.0008114840353562582	-0.004565597391778629	0.04458001702288295	0.0019087257051824003	0.05338671824980239	-0.0023509806678618517	0.0814152558196813	-0.039409925434266996	0.16046821957322344	0.00826143282633569	-0.024656873838776208	-0.00013603021638173491	-0.14656218265147974	-0.37728431754395725	0.011531557926356047	0.004157774309593215	-0.013497241072914803	-0.021378964121343946	0.18838271265289575	-0.5091596426040922
72	3.3379225269449493	-0.01742575816187932	0.09428654848117984	0.009617858805273475	-0.09717954314075575	0.005086306245288101	-0.010454365199444256	0.019473685253430854	0.05144044098476341	-0.05075661184056314	-0.0019862802009201347	-0.0272330564635388	0.0015456626868398755	0.03384962670110984	0.0258963528620788	-0.29353543986140923	0.0014379258018050367	0.037626200659191596	0.001937120821075081	0.09290501884524278	0.0005125503702984754	0.051292612187476605	0.132038823618076	-0.20466117186774554	-0.16772434776543815	-0.08203720405039124	0.09423527361050538	-0.425797933548514	0.1259861629300636
73	3.5331211221340113	-0.02739970785568637	0.021447313621178233	0.0009633908721439585	-0.00484652048305826	0.015692732364009875	-0.02906975308936377	-0.004021106107460579	0.029973515381813576	0.01583093081004912	0.005369415900701641	0.022061906804783465	0.000699084340186309	-0.03762691580224747	0.0052698830430408655	-0.021273932849366278	0.008395421873095044	-0.14724234842427633	-0.007580521388809962	0.0063928733750289795	3.526902697367194e-5	-0.06727401324597633	-0.17317857660667862	-0.007352921292481476	-0.00035742443188744195	0.012078992003174709	-0.02572855330886054	-0.2391701193483047	-0.16957144612166924
74	3.5332705894878034	0.23524719321854787	-0.19480193430629078	-0.029969318089908055	-0.08593791297991585	0.00259231022953746	-0.00540942037765541	-0.22091447545519033	-0.33730527708917823	-0.12093529565674209	0.40912754843490395	-0.11746131964677549	-0.18940536598975807	-0.01864795520250375	-0.007431914071446179	-0.058162503610393525	-0.044335773144874045	0.315825629433055	0.01625974432405151	0.028835673201243497	0.0001590843547615294	-0.09302725018216294	-0.23947325267002603	0.07006534296059805	0.0034076099408917493	0.011827812100213282	-0.1023675621894347	0.005275843299518988	-0.7775144257639705
75	4.520405306028034	0.008589271020532549	-0.009965590779659275	0.0009604827274597619	-0.002881100369054402	0.0026524408513566152	-0.003998326938305187	0.001416779455891217	-0.010291251593195746	-0.002408421768148335	-0.0013446761163022022	-0.028867971396352707	-0.0030987481008730457	0.004260595150537998	0.0008546347808144757	-0.011267589821149154	0.026130757234545304	0.06338131654995936	0.0032630790726962226	0.006109721683457047	3.3706899263353255e-5	0.1609343711191585	0.41428159214470195	-0.005613802855249852	-0.001596980637486599	0.018349214832585233	-0.005015578784793626	0.21849640755003824	0.40637151681235123
76	3.5303093942033223	0.033720357557732644	-0.0016791861792179782	-0.0032722979591685336	0.015957510931033717	0.004710313585806203	-0.008655245271167698	0.010440917869267857	-0.027178542347105497	-0.035869825376606254	-0.008965727788247585	0.0063570292707410955	0.00022926559070404555	0.032609928070202535	-0.001900674197287176	0.07138630735579894	-0.03053927485315006	0.23034295212766512	0.011858814356410428	-0.021498240101854894	-0.0001186042590801916	-0.019957656166183193	-0.05137553596851645	-0.0029035049525428895	-0.00013976985407220514	0.004426312472919625	-0.00029757274572619506	0.3104925937537783	-0.10280454258542283
77	3.2528688670939614	-0.01922816776608041	-0.06792908686114163	0.011716099416893553	-0.041910784608353305	0.0071378220718591135	-0.011773737614211716	-0.019935135096056836	-0.012070188235688726	0.06172584740875116	0.012644707282865535	0.009883360963999928	0.0008004228411296622	0.0041120594476518	-0.0009010752941164938	-0.21022250544354165	0.2156896371160926	-0.3302263503027085	-0.017001140897353464	0.07308553453598869	0.0004032076873293823	-0.04347354850423161	-0.11191077931499094	0.19130130258563752	-0.06256436947585227	0.323746768870853	0.1846193029563425	0.05962308818901568	0.08809611558205113
78	3.7945661701766076	0.046023553468034356	-0.13926981104107672	-0.007060883417972087	0.05104589762489132	-0.016662350037185445	0.03306143455050535	-0.02007219009397756	-0.09191081843251242	0.046311956560421634	-0.0006802632398608746	0.03733824848894121	-0.0006302025040678358	-0.06031340182170448	-0.16755825652889522	0.18062135355837072	-0.024491538073549604	0.05074108195597633	0.0026123181352031483	-0.055234404992432956	-0.00030472427737457056	-0.08543461643624102	-0.21992809040942257	0.038445413068320326	0.013192326504863124	0.01377434369052882	-0.05029744495842638	0.16847810399107988	-0.5951591726497233
79	6.391845325274334	0.02054164274230824	-0.03665193052819566	-0.008926438667955108	0.023734125471493242	-0.00042213286563364146	0.000588899843993336	0.0018207541775390398	-0.029548103903572747	0.001843517414043179	-0.0017066921157423	0.00399913645858668	0.0005024241061303996	0.010198763668983198	0.0021671501134446613	0.016846083571554104	-0.3095081231850984	0.13405110698398798	0.006901392802821071	-0.05913596484891936	-0.0003262489051507606	-0.02685322095740535	-0.06912628455366059	0.026887441147014003	0.006727081814439143	-0.01189942117240189	0.02452417223113016	0.10895126765170107	-0.3817221368079684
80	4.647290032317493	0.013359845779568327	0.03009525479317047	0.015625529606766855	-0.05101140402259949	0.0008866851332598999	-0.0014000937186454735	0.010462260379586747	0.0018490073204481825	-0.031538642681054184	-0.007097268800409818	-0.0029523733038626463	-0.0002793343813746284	0.00026834219890204964	0.0007000115426274776	-0.24164494583365406	0.3527306118966863	0.20729930037174338	0.010672451215089786	0.09794602293030567	0.0005403612307082778	0.014617961758198343	0.03762995082394704	-0.0639732498863294	-0.017901865321864635	0.011006301045407951	-0.021015114010870924	0.03136303749883894	0.33551256856691264
81	3.458474239618173	0.10566018038167026	-0.07585742300631926	0.001593223124888038	-0.028433517729619107	-0.00486615437015457	0.010301318881054533	0.005277035417667254	-0.12251790729783091	-0.08273435944430414	-0.01920379475758446	0.014948643583737809	-0.001663908522810365	-0.049709362590397745	-0.030815648004302067	-0.0718970782992296	-0.008412821546931121	0.37265084561112444	0.01918529374153543	0.02386114580927316	0.00013164024153163514	-0.02259710354746916	-0.05817007249851406	-0.08463849219519434	-0.04087481335819701	-0.04080840364938655	0.04409251381521825	0.1667401198322248	-0.3122391400427686
82	3.493894605850262	0.047788518495232274	0.021723830933261534	0.011274555964871312	-0.07776546987615057	-0.0021649644518179005	0.004266938381751554	0.019213429767223712	-0.030636026490345875	-0.07241922774255025	-0.014004545815684548	0.008014186584748244	-8.709446733067342e-5	-0.0017189534823887388	-0.07702505332811975	-0.2823660796732258	0.045194387667821065	0.3059375536671283	0.015750673593789902	0.0859623761044872	0.0004742483049003529	-0.01893925668575052	-0.04875394460019029	-0.14333887892454036	-0.06462163233163476	-0.04290734863258581	0.052496286831732415	-0.08566408900916833	-0.17298740119619965
83	3.495894945935526	-0.0016334132606836485	0.07586042755706791	0.01157705905413091	-0.07685781008896404	0.009603662192152388	-0.018817074122896203	0.017381350150483352	0.03079474995449292	-0.05241169024431783	-0.005847113815276639	-0.03650445670450916	0.00021584050161340136	-0.0037800679289419978	0.07030824136216228	-0.28516837262564326	0.051742557904576575	0.10755617527552348	0.00553734639456669	0.08651982564195133	0.00047732371428513433	0.08865179022558868	0.22820982581739402	-0.12032798619921173	-0.054062634633640125	-0.022330476290608876	0.06108345890830961	-0.20086660071408638	0.36864513945369154
84	3.2548399125258323	0.08405691382992488	-0.2718792629240055	0.04315812484047028	0.18523474697868436	0.01331366768190358	-0.028453320852122335	-0.15166807320019576	-0.19490584096764554	0.19047998843677078	-0.18327990632146854	-0.011853820657932017	0.10212196247134687	-0.015889160311358088	-0.005777110757601057	0.16586772019204776	0.10663231544706953	0.02492669009283788	0.0012833081611583485	-0.07569384616373874	-0.0004175975567602689	0.03499394747074966	0.09008236197646155	-0.1321381084688469	0.03373986143733945	0.21336151721133917	0.20431536159633779	0.3829155609539724	0.03869687868879457
85	4.472596973904611	0.03676007487861818	0.0773505240007589	0.008836719782497934	-0.053675696369608325	-0.010656706010731643	0.02056505995455353	0.028946014569001872	0.00039175972100976945	-0.09682148541092256	-0.01629571313286164	0.016816942076171796	9.814109378054901e-5	0.013303780560127074	-0.0015722757903849256	-0.20982728910646442	0.04978632324519163	0.3482130771988185	0.01792715687991412	0.0632351746491032	0.0003488639535854982	-0.043672518323767756	-0.11242297278275643	-0.049156564797149686	-0.014079950155481247	-0.030646494407078145	0.05377342644628945	0.07533072565822435	0.022194647063990866
86	3.2691233752278497	0.007220425119907201	-0.020381195574341645	0.011544563036381388	-0.07210705239243348	-0.0018630615395846192	0.003613396022313831	-0.002555450449519421	-0.013758587475319769	0.006022069046950095	-0.00014590727199924455	-0.04063638895128095	-8.600059238960649e-5	0.016757872830995606	-0.028940122664837857	-0.2772249471041837	0.06064392309060875	0.01085971854103377	0.0005590941027343045	0.08370400545038827	0.00046178903489086314	0.10327457397604935	0.2658521895436804	0.14261001360870962	-0.5213128672334919	0.04597461123090674	0.04005939624468784	0.10568800479675335	-0.28554194516589754
87	3.7118162702926907	0.0010105452715573908	-0.008206089371616685	0.012905636080724469	-0.043791958720923375	-0.0012179980774063934	0.0019605773262691157	-0.0011961906041582813	-0.003982658305600094	0.0040204610257327696	0.0006023457976833974	-0.02327821788599078	-0.0020679897546181064	0.0018067640405742696	0.0001911787456005311	-0.21500682568358156	0.26726628228549637	-0.010895702193999194	-0.0005609466597864774	0.08062535464583079	0.00044480433772908605	0.10950437099277074	0.28188910079438345	-0.08221367059549368	-0.029567499325429833	0.046328289899191855	-0.04880301126039593	-0.07760718308424759	0.41537413588879146
88	4.33079028668089	0.03781773264690376	-0.16298577810683793	-0.009778892769834695	0.056908999709205585	0.006034326160687758	-0.011549968818520913	-0.025537610541285664	-0.09367961947475266	0.07025356108296793	0.004380944468469629	-0.01018616686644228	-0.00011817512210891358	0.1495919517547164	-0.1115223451157269	0.22831539016660132	-0.06112539505920548	-0.03377216771202067	-0.0017387025025555796	-0.06864474103599656	-0.000378708145957656	0.027373315757384078	0.07046512659407117	0.039891629466361746	0.011691564300822462	0.02877687840977099	-0.053848723341053825	0.44013520651981414	-0.353500780614151
89	3.308016645620594	-0.1337019448886608	0.07808371724416541	0.01659793138038721	0.0595746079410395	0.035982162450078244	-0.07607804384384283	0.07418548445591533	0.18868073412807976	0.22232240652262136	-0.23456781355848114	0.08771265751918053	0.3975443713917457	0.01159027334792832	0.004801748660772525	0.047312505862266374	0.03286259671186454	-0.21907133526851533	-0.01127851437069539	-0.022379276335118135	-0.00012346487321297236	0.14436181115483288	0.37162006198063974	-0.07334091030274353	0.0033608703271671902	0.0023436129332022396	0.13934340212464466	0.19391537883137472	0.9538242738638867
90	6.08863720214968	-0.003090282237145775	-0.278487418244352	0.0035077190276142133	-0.10988945947403517	0.0007970383694721257	-0.0017084447242144572	-0.08167942749957852	-0.1061579302131835	0.24879096262814426	0.008146118236673952	0.0014906473785752108	-0.00022206214093262319	-0.0345791417206291	-0.014963941825422732	-0.25146069136367155	-0.04484828880634939	-0.31272763128041686	-0.016100249168548443	0.08590633063088633	0.00047393910601524714	-0.001984995254273889	-0.005109828240055599	0.037123958982715234	0.004267724133386032	-0.008082698344425038	0.05982835156102848	-0.3159882106827333	-0.5047714897999902
91	3.2671359903712864	0.11145709235328714	-0.11665202707677268	0.0029426624052538613	-0.032185552220192135	0.0005197276321715292	-0.0010745268768314207	-0.0004572533278176527	-0.1403916409414446	-0.05275502724239207	-0.018955619246088365	-0.00678715882851234	0.00044378807745448654	-0.08448889696402603	-0.06583816159998099	-0.09424726744552805	-0.0016842671726822593	0.3898632491383786	0.020071445004996705	0.03006234301153801	0.0001658518047154197	0.012306099305162157	0.0316786922382081	0.15081267407564974	-0.40280719707226226	-0.01963666174678926	0.008086036471922395	0.43959158236637563	-0.7191431786089577
92	3.3243496704132816	0.3454009492645404	-0.016012008528408592	-0.14712479274668971	-0.19325266843901812	-0.049773455480542364	0.11424433697484057	-0.34124556930841077	-0.20531311993917217	0.2693956441383631	0.30496414000544025	-0.059580029061471744	-0.034830479363801736	-0.011635585545974948	-0.0048829087641776275	-0.0804921173027241	-0.07892349268151395	0.3785592874613603	0.01948947980145342	0.04633616897042649	0.000255633343162719	-0.05009379490342195	-0.1289527958809618	0.1242025474584865	-0.0035585520290826885	-0.057364924266504955	-0.27691870744415686	0.3665843286774362	-0.5036911429453966
93	3.7031603480872435	-0.19296786915207464	0.1134261220534801	-0.04463940763889001	-0.1139149669005129	-0.021606820882730554	0.04487280709240547	0.1775162361315057	0.25449593644128976	-0.004023161426454647	-0.39464552681150455	0.16366970102171735	0.2008889697242529	0.012915323278197218	0.005224556387576394	-0.07085154497757294	-0.05652262382339741	-0.2625945017343999	-0.013519230427143305	0.03600134256322895	0.00019861684214027934	0.11971788840808119	0.3081810123778919	-0.014994246858420417	-0.0010338633455749084	-0.017078009599807403	0.01928593944830626	-0.11893507086762012	0.36693774905921
94	3.4352659269737327	0.1991797468972058	-0.14629880717883573	-0.02788784141943441	-0.08146113547101992	-0.011064740301775528	0.023110866983691164	-0.17085839144246528	-0.2826363859071095	-0.12423193459748574	0.3863570526322002	-0.14831294699956474	-0.25204324802368044	-0.015538364088914597	-0.006252170262762362	-0.05587534104355407	-0.04227783087785135	0.27876197575455	0.014351585275625	0.027593744935605898	0.00015223272499654295	-0.12015842131467147	-0.3093150440497168	0.06961423944583929	0.0018885368670676893	0.011807037012348975	-0.11372213790791755	-0.0869712371623159	-0.8081464851953131
95	3.3308375314186547	0.012824124896052955	-0.07431563287337682	0.00868504179664276	-0.026865802302945444	-0.006953660893632082	0.010667888387403872	-0.008811158190819571	-0.03884321447967134	0.03201506085484752	0.0046085787866503546	-0.010046427622698287	-0.0010318212754630315	0.015390734048412734	0.002181419182150953	-0.11553068203564763	0.2209338706276554	-0.07107802703321958	-0.003659331095746762	0.054885374622571995	0.00030279870168941145	0.05358714850475131	0.13794548079853983	-0.15018687682875156	-0.13224749368977803	0.19997792747515414	-0.15119587647942062	0.014758579593664695	-0.05151913571231223
96	3.320215852704228	0.06578977058775098	-0.07087235736692868	-0.006814158723473184	0.03227446896905268	-0.0017244870339114503	0.0031435978531059354	0.006056454080958288	-0.07915262676565284	-0.024565819374277178	-0.011060751847449424	-0.02110103151226601	-0.0008481025608173108	0.08224159300135837	-0.004509195531861975	0.14691713232261422	-0.06778758032369046	0.3317305193047127	0.017078580475125085	-0.04438090640826649	-0.00024484629890265345	0.06812831814849014	0.17537775129341102	0.04805710481740494	0.048356891686203204	0.046191508210690624	-0.010428870856799635	0.696525997421786	0.031326958724794976
97	3.5880259523197497	0.02985733317627621	0.08975297112962544	0.00908834798385638	-0.08346685524358749	-0.014428755992555617	0.029416104222471266	0.030928624376741334	0.009815332207788149	-0.10589094009304417	-0.013460282095117598	0.03887344085197297	-0.0017856612057158454	0.00738963622477988	0.0015188421728354372	-0.2625479528103902	0.00941179084280161	0.2741330209864695	0.014113271427721969	0.08229280976122286	0.00045400356880909837	-0.07694422792790068	-0.19807190366260283	-0.1084272937756289	-0.043130961537587775	-0.06732776459009457	0.07979958691345788	-0.16300372182829495	-0.10563376125910069
98	3.530971198104714	-0.00415416625361115	0.0033135683009609864	0.0001254212384952509	-0.0008549889173889415	0.02937542090172032	-0.057794133967498246	-0.0004392398028483439	0.004679547202910776	0.002533424360449543	0.000796337259914189	0.059362525162389365	-0.0005551611323875421	0.00020557750229868114	0.01122329616445733	-0.003124961960846661	0.0005202288387604174	-0.01880998635782635	-0.0009684000930075971	0.0009503303211579713	5.242904679097742e-6	-0.14145217261428078	-0.3641299920921322	-0.0010497687782509441	-5.065121824932485e-5	0.027589648031506594	-0.01151394862625832	-0.0488879482496465	-0.41532905537523934
99	3.8702354347375976	0.06840398242397483	-0.07175130372330735	0.002370096523323005	-0.01058030157693159	-0.003192739977439267	0.00571954015451739	0.0073779445785057025	-0.08118622440468083	-0.026414991403976643	-0.0116750162931893	0.009546999151399404	0.0004644049315488164	0.07197249753338018	0.0008263471412068013	-0.04981011485328997	0.02682598770088129	0.3635493093697498	0.018716716658331325	0.015200451778145056	8.385980956066839e-5	-0.03270103440422543	-0.08417988341179423	-0.033260928966211745	-0.01102800401939627	0.0015484025761777014	-0.01347877684376671	0.3945898743295126	-0.23124265387701998
100	3.302525891845745	-0.04940830166428699	0.14451903849490785	-0.0021746649029187764	-0.07449771174993988	0.029593294978443076	-0.06465643665650776	0.038192612059465295	0.10420562587406393	-0.06261414694578377	0.010746089877745092	-0.13192216930717787	0.03701962723016756	0.021185001320773472	0.009263273146455153	-0.13314978248315915	-0.0420771401651458	-0.037794157123008945	-0.0019457677733953989	0.04904702360436284	0.0002705889350534424	0.12670607034804743	0.32617017852153996	-0.08744503606408137	-0.12447631533017887	-0.07189064727369951	0.09979957186390001	-0.3116749034530242	0.4243406222686652
